10000
10000
10000
10000
270
10000
10000
10000
44
10000
10000
10000
750
10000
10000
5.4
10000
9300
10000
130
510
10000
10000
10000
10000
7.8
220
10000
10000
10000
66
240
10000
10000
10000
10000
10000
10000
10000
10000
690
10000
10000
3100
10000
10000
10000
6900
10000
10000
10000
10000
10000
3800
10000
10000
10000
10000
10000
4900
1200
10000
2100
10000
10000
3500
0.21
10000
180
10000
10000
10000
120
10000
10000
10000
10000
10000
10000
10000
10000
760
4.1
98
10000
480
10000
3.5
6.4
10000
7.7
98
240
10000
10000
10000
10000
10000
10000
9500
96
19
10000
10000
10000
10000
10000
10000
1400
0.63
10000
10000
10000
10000
10000
10000
5500
10000
10000
10000
10000
670
10000
10000
10000
150
310
150
10000
10000
10000
10000
10000
10000
10000
10000
10000
10000
10000
10000
10000
10000
10000
2400
10000
10000
5900
10000
1.8
10000
10000
10000
10000
10000
10000
10000
45
10000
420
1200
180
10000
590
10000
10000
490
10000
10000
140
250
10000
10000
190
10000
10000
10000
10000
3800
25
10000
10000
10000
10000
10000
10000
10000
10000
2100
2500
10000
1500
3900
10000
19
10000
180
10000
550
10000
240
5500
1400
10000
10000
3100
10000
4100
10000
10000
10000
10000
10000
10000
54
0.26
140
10000
10000
0.69
10000
10000
10000
24
10000
10000
10000
5200
10000
10000
10000
10000
10000
10000
10000
220
10000
10000
10000
10000
10000
310
10000
490
10000
270
10000
10000
10000
10000
10000
10000
10000
3400
10000
10000
4300
10000
10000
10000
7.6
10000
10000
10000
10000
10000
36
10000
10000
10000
10000
2500
10000
10000
10000
10000
10000
10000
10000
10000
10000
10000
10000
10000
10000
10000
10000
10000
10000
10000
280
10000
10000
10000
10000
10000
10000
10000
10000
10000
10000
4900
190
10000
10000
10000
10000
10000
10000
540
10000
10
10000
10000
10000
440
2100
350
10000
10000
840
10000
150
10000
10000
10000
10000
10000
10000
10000
10000
10000
670
10000
2500
10000
1100
10000
10000
10000
10000
10000
10000
10000
890
10000
10000
210
10000
330
10000
10000
1700
10000
10000
180
5800
10000
10000
10000
10000
10000
10000
84
7.3
10000
10000
10000
1100
10000
10000
4500
10000
130
10000
10000
10000
3.2
10000
10000
10000
10000
10000
390
10000
1700
10000
10000
2000
10000
10000
1200
10000
10000
10000
10000
10000
190
10000
120
10000
5.9
200
10000
10000
10000
10000
10000
10000
10000
10000
10000
4.9
1900
10000
10000
1900
280
1500
10000
68
17
10000
10000
10000
10000
200
10000
10000
10000
220
10000
10000
10000
3.6
10000
1000
10000
10000
390
10000
10000
10000
10000
10000
810
10000
10000
1400
10000
86
10000
10000
10000
10000
10000
10000
10000
10000
10000
1400
10000
10000
10000
10000
10000
6500
980
10000
490
10000
2500
10000
10000
10000
5.4
10000
4200
10000
10000
10000
10000
63
2100
10000
10000
10000
10000
1400
7.4
10000
10000
10000
2.6
10000
10000
10000
10000
10000
10000
10000
10000
3.4
10000
520
10000
10000
10000
10000
400
10000
10000
190
10000
10000
10000
10000
10000
10000
460
58
10000
10000
10000
2700
1000
3000
1600
10000
2300
37
10000
430
10000
10000
10000
1000
1100
10000
19
10000
10000
10000
10000
10000
10000
10000
10000
10000
10000
10000
140
10000
10000
5900
10000
10000
10000
10000
440
10000
690
10000
1200
10000
10000
3900
10000
1400
10000
500
10000
10000
10000
10000
10000
7000
700
14
10000
10000
10000
32
10000
10000
10000
10000
10000
1400
10000
10000
10000
9.1
0.075
10000
10000
1400
10000
10000
10000
1200
10000
10000
10000
10000
10000
10000
10000
3300
10000
860
10000
8.2
10000
10000
10000
10000
10000
660
10000
10000
10000
10000
3.3
10000
10000
10000
10000
10000
10000
10000
200
10000
10000
10000
170
10000
10000
2900
10000
10000
90
10000
10000
10000
10000
10000
10000
10000
4200
10000
6
10000
10000
10
590
10000
10000
10000
10000
10000
10000
10000
10000
10000
75
1100
380
10000
630
10000
10000
10000
10000
10000
10000
10000
10000
510
2000
10000
10000
8.4
10000
33
10000
10000
790
760
870
10000
640
10000
2500
10000
10000
10000
10000
700
10000
10000
490
10000
10000
10000
10000
10000
1200
200
310
5000
10000
10000
74
10000
10000
10000
10000
3.7
10000
10000
150
10000
10000
10000
10000
10000
10000
10000
10000
10000
10000
770
10000
10000
7100
10000
10000
10000
10000
560
10000
860
690
10000
110
10000
1900
10000
1400
2200
10000
10000
10000
10000
10000
10000
10000
10000
10000
10000
680
10000
99
1700
10000
10000
10000
360
92
9700
10000
10000
6200
10000
10000
10000
10000
10000
10000
10000
10000
1900
10000
10000
10000
10000
5900
10000
260
60
10000
13
19
10000
10000
10000
20
10000
10000
10000
10000
10000
10000
10000
10000
10000
10000
10000
10000
10000
10000
3000
370
930
10000
10000
46
10000
10000
0.12
10000
10000
10000
10000
10000
10000
10000
69
750
10000
93
10000
10000
10000
10000
10000
10000
4000
10000
10000
10000
10000
10000
10000
10000
10000
10000
2700
10000
10000
320
10000
10000
10000
10000
10000
10000
10000
10000
10000
10000
3900
1500
10000
10000
10000
2100
11
10000
10000
65
10000
12
690
10000
10000
10000
10000
10000
10000
10000
10000
2600
10000
10000
10000
10000
10000
10000
10000
10000
2300
1900
10000
10000
1200
190
10000
10000
10000
10000
10000
15
10000
10000
640
10000
10000
67
200
10000
10000
1500
10000
10000
27
2400
10000
10000
10000
10000
10000
5600
0.96
10000
130
10000
10000
10000
10000
10000
1700
10000
10000
10000
7
10000
10000
10000
1500
10000
690
10000
10000
2400
10000
10000
10000
2800
64
48
10000
420
190
10000
2200
2300
10000
10000
10000
10000
10000
10000
10000
10000
10000
10000
170
10000
10000
10000
10000
2.8
10000
10000
10000
990
10000
10000
10000
10000
3.3
4500
10000
4300
10000
10000
35
10000
10000
10000
10000
10000
10000
10000
10000
4500
2800
10000
65
10000
10000
10000
8700
10000
10000
35
10000
10000
3200
10000
10000
10000
10000
10000
330
10000
10000
10000
1800
10000
470
10000
10000
1.5
10000
10000
740
340
10000
10000
10000
10000
10000
10000
10000
1800
10000
10000
10000
10000
10000
10000
10000
10000
10000
10000
10000
56
10000
10000
0.47
31
10000
10000
10000
520
10000
10000
10000
10000
10000
10000
10000
10000
680
10000
25
10000
10000
10000
10000
10000
5000
550
330
10000
10000
10000
10000
110
10000
10000
190
3.3
10000
10000
10000
10000
10000
10000
10000
10000
10000
10000
10000
10000
860
10000
10000
560
10000
10000
550
59
10000
520
10000
1700
10000
10000
370
10000
10000
10000
10000
5700
270
250
47
10000
10000
10000
10000
1200
260
10000
10000
250
55
10000
10000
10000
3100
10000
1900
10000
10000
2100
10000
10000
10000
130
10000
10000
48
10000
10000
10000
10000
500
10000
3300
10000
10000
10000
10000
10000
220
10000
7900
10000
4300
10000
10000
41
10000
10000
10000
10000
160
10000
10000
10000
10000
1200
10000
10000
10000
10000
10000
280
10000
570
10000
10000
4
10000
10000
5500
21
10000
2700
10000
10000
10000
10000
2500
940
10000
10000
10000
14
10000
10000
10000
290
10000
10000
10000
4800
10000
10000
10000
10000
2.6
13
10000
10000
3000
1300
5800
10000
10000
10000
10000
4600
10000
10000
10000
10000
10000
10000
10000
1900
10000
10000
120
10000
10000
4700
10000
3000
3200
10000
10000
10000
10000
300
10000
10000
5400
10000
10000
3200
5000
10000
8700
10000
240
10000
1.5
10000
10000
200
10000
10000
10000
3600
450
10000
190
3100
10000
10000
10000
10000
10000
10000
10000
10000
10000
10000
10000
10000
1000
10000
10000
1400
10000
240
10000
370
700
10000
140
10000
10000
10000
10000
10000
420
110
1200
10000
10000
10000
10000
12
10000
290
10000
10000
10000
85
10000
10000
10000
10000
10000
10000
2400
1900
10000
560
410
10000
10000
20
10000
10000
10000
10000
10000
470
10000
10000
10000
13
10000
650
10000
10000
10000
10000
10000
10000
10000
10000
10000
10000
10000
10000
10000
10000
10000
10000
10000
49
10000
1
10000
10000
10000
10000
10000
1700
2300
10000
820
0.086
10000
600
10000
10000
10000
8200
10000
10000
4300
10000
10000
2300
10000
10000
10000
10000
10000
3900
390
10000
10000
10000
10000
10000
10000
10000
10000
10000
10000
10000
320
10000
10000
10000
10000
10000
10000
6800
10000
0.29
10000
10000
10000
10000
3900
10000
10000
10000
10000
2200
650
10000
10000
10000
1.7
10000
3600
2100
10000
10000
10000
10000
10000
10000
10000
10000
10000
10000
10000
10000
1.4
10000
10000
10000
10000
10000
10000
10000
10000
3300
3500
10000
10000
10000
10000
10000
10000
10000
10000
10000
10000
10000
340
10000
10000
10000
10000
530
48
42
1100
10000
10000
10000
28
10000
10000
1300
10000
10000
10000
10000
10000
2900
10000
10000
10000
10000
10000
10000
10000
10000
10000
10000
10000
10000
10000
10000
10000
